   73
   75
   78
   80
   83
   85
   88
   91
   94
   97
  100
  103
  106
  109
  112
  116
  120
  123
  127
  131
  135
  139
  143
  148
  152
  157
  162
  167
  172
  177
  183
  188
  194
  200
  206
  212
  218
  225
  232
  238
  246
  253
  260
  268
  276
  284
  293
  301
  310
  319
  329
  338
  348
  358
  369
  379
  390
  401
  413
  424
  437
  449
  462
  474
  488
  501
  515
  530
  544
  559
  574
  590
  606
  622
  639
  656
  673
  691
  709
  728
  747
  766
  786
  806
  826
  847
  868
  890
  912
  934
  957
  980
 1003
 1027
 1051
 1076
 1101
 1126
 1152
 1178
 1205
 1231
 1258
 1286
 1314
 1342
 1370
 1399
 1428
 1457
 1486
 1516
 1546
 1576
 1607
 1637
 1668
 1699
 1730
 1761
 1793
 1824
 1856
 1888
 1920
 1952
 1984
 2016
 2048
 2079
 2111
 2143
 2175
 2207
 2239
 2271
 2302
 2334
 2365
 2396
 2427
 2458
 2488
 2519
 2549
 2579
 2609
 2638
 2667
 2696
 2725
 2753
 2781
 2809
 2837
 2864
 2890
 2917
 2943
 2969
 2994
 3019
 3044
 3068
 3092
 3115
 3138
 3161
 3183
 3205
 3227
 3248
 3269
 3289
 3309
 3329
 3348
 3367
 3386
 3404
 3422
 3439
 3456
 3473
 3489
 3505
 3521
 3536
 3551
 3565
 3580
 3594
 3607
 3621
 3633
 3646
 3658
 3671
 3682
 3694
 3705
 3716
 3726
 3737
 3747
 3757
 3766
 3776
 3785
 3794
 3802
 3811
 3819
 3827
 3835
 3842
 3849
 3857
 3863
 3870
 3877
 3883
 3889
 3895
 3901
 3907
 3912
 3918
 3923
 3928
 3933
 3938
 3943
 3947
 3952
 3956
 3960
 3964
 3968
 3972
 3975
 3979
 3983
 3986
 3989
 3992
 3995
 3998
 4001
 4004
 4007
 4010
 4012
 4015
 4017
 4020
